SNP_NEW	CHR	BP	effect_allele	reference_allele	ALL	beta	SNP	Overall Breast Cancerd	ER-positive	ER-negative	hybrid ER-positive	hybrid ER-negative	P	N
1:100880328	1	100880328	T	A	0.0373	0.0373	1_100880328_A_T	0.0373	0.0355	0.016	0.0373	0.0373	3.167E-07	150000
1:10566215	1	10566215	G	A	-0.0586	-0.0586	1_10566215_A_G	-0.0586	-0.0407	-0.1109	-0.0407	-0.1109	5.029E-20	150000
1:110198129	1	110198129	C	CAAA	0.0458	0.0458	1_110198129_CAAA_C	0.0458	0.0545	0.0266	0.0458	0.0458	0.000001076	150000
1:114445880	1	114445880	A	G	0.0621	0.0621	1_114445880_G_A	0.0621	0.0642	0.0579	0.0621	0.0621	1.696E-11	150000
1:118141492	1	118141492	C	A	0.0452	0.0452	1_118141492_A_C	0.0452	0.0417	0.0551	0.0452	0.0452	0.000000217	150000
1:120257110	1	120257110	C	T	0.0385	0.0385	1_120257110_T_C	0.0385	0.043	0.0226	0.0430	0.0226	7.607E-08	150000
1:121280613	1	121280613	G	A	0.0881	0.0881	1_121280613_A_G	0.0881	0.1052	0.0209	0.1052	0.0209	1.76E-52	150000
1:121287994	1	121287994	G	A	-0.0673	-0.0673	1_121287994_A_G	-0.0673	-0.0814	-0.0114	-0.0814	-0.0114	5.393E-18	150000
1:145604302	1	145604302	CT	C	-0.0399	-0.0399	1_145604302_C_CT	-0.0399	-0.0469	-0.0126	-0.0469	-0.0126	6.098E-11	150000
1:149906413	1	149906413	C	T	0.0548	0.0548	1_149906413_T_C	0.0548	0.0625	0.0388	0.0548	0.0548	1.139E-14	150000
1:155556971	1	155556971	A	G	0.0499	0.0499	1_155556971_G_A	0.0499	0.0606	0.0263	0.0499	0.0499	2.311E-10	150000
1:168171052	1	168171052	C	CA	-0.068	-0.068	1_168171052_CA_C	-0.0680	-0.0774	-0.0718	-0.0680	-0.0680	4.036E-07	150000
1:172328767	1	172328767	TA	T	-0.0435	-0.0435	1_172328767_T_TA	-0.0435	-0.0417	-0.0655	-0.0435	-0.0435	0.000002718	150000
1:18807339	1	18807339	C	T	-0.0564	-0.0564	1_18807339_T_C	-0.0564	-0.0649	-0.0248	-0.0649	-0.0248	1.604E-15	150000
1:201437832	1	201437832	T	C	0.0917	0.0917	1_201437832_C_T	0.0917	0.0815	0.0714	0.0917	0.0917	3.793E-13	150000
1:202184600	1	202184600	T	C	-0.0065	-0.0065	1_202184600_C_T	-0.0065	0.0133	-0.0822	0.0133	-0.0822	1.00E-05	150000
1:203770448	1	203770448	A	T	0.0498	0.0498	1_203770448_T_A	0.0498	0.0472	0.0332	0.0498	0.0498	2.042E-10	150000
1:204502514	1	204502514	TTCTGAAACAGGG	T	-0.0321	-0.0321	1_204502514_T_TTCTGAAACAGGG	-0.0321	-0.0024	-0.1345	-0.0024	-0.1345	1.00E-05	150000
1:208076291	1	208076291	A	G	-0.0366	-0.0366	1_208076291_G_A	-0.0366	-0.0313	-0.0278	-0.0366	-0.0366	1.771E-07	150000
1:217053815	1	217053815	G	T	0.0417	0.0417	1_217053815_T_G	0.0417	0.0409	0.0472	0.0417	0.0417	0.000004791	150000
1:217220574	1	217220574	A	G	-0.044	-0.044	1_217220574_G_A	-0.0440	-0.0459	0.0029	-0.0459	0.0029	3.903E-09	150000
1:220671050	1	220671050	T	C	0.0418	0.0418	1_220671050_C_T	0.0418	0.0482	0.0153	0.0418	0.0418	1.00E-05	150000
1:242034263	1	242034263	G	A	0.1428	0.1428	1_242034263_A_G	0.1428	0.1519	0.1413	0.1428	0.1428	1.646E-14	150000
1:41380440	1	41380440	T	C	0.0426	0.0426	1_41380440_C_T	0.0426	0.0423	0.0395	0.0426	0.0426	9.085E-09	150000
1:41389220	1	41389220	C	T	0.155	0.155	1_41389220_T_C	0.1550	0.1377	0.1483	0.1550	0.1550	1.00E-05	150000
1:46670206	1	46670206	T	TC	0.0447	0.0447	1_46670206_TC_T	0.0447	0.0595	0.0216	0.0595	0.0216	0.000006172	150000
1:51467096	1	51467096	C	CT	0.0374	0.0374	1_51467096_CT_C	0.0374	0.0426	0.0038	0.0374	0.0374	1.709E-08	150000
1:7917076	1	7917076	A	G	-0.0409	-0.0409	1_7917076_G_A	-0.0409	-0.0393	-0.0566	-0.0409	-0.0409	1.288E-07	150000
1:88156923	1	88156923	A	G	0.0494	0.0494	1_88156923_G_A	0.0494	0.058	0.0183	0.0580	0.0183	1.742E-08	150000
1:88428199	1	88428199	A	C	-0.0387	-0.0387	1_88428199_C_A	-0.0387	-0.0385	-0.047	-0.0387	-0.0387	3.811E-08	150000
10:114777670	10	114777670	T	C	0.0472	0.0472	10_114777670_C_T	0.0472	0.0422	0.0559	0.0472	0.0472	5.436E-14	150000
10:115128491	10	115128491	C	T	-0.0592	-0.0592	10_115128491_T_C	-0.0592	-0.0602	-0.0592	-0.0592	-0.0592	1.036E-14	150000
10:123095209	10	123095209	A	G	-0.0538	-0.0538	10_123095209_G_A	-0.0538	-0.0702	0.0048	-0.0702	0.0048	2.681E-12	150000
10:123340107	10	123340107	G	A	0.1508	0.1508	10_123340107_A_G	0.1508	0.1837	0.0053	0.1837	0.0053	9.026E-22	150000
10:123340431	10	123340431	G	GC	-0.2408	-0.2408	10_123340431_GC_G	-0.2408	-0.2913	-0.0326	-0.2913	-0.0326	2.27270197086973e-322	150000
10:123349324	10	123349324	T	A	-0.2609	-0.2609	10_123349324_A_T	-0.2609	-0.327	-0.0137	-0.3270	-0.0137	7.277E-37	150000
10:13892298	10	13892298	A	G	0.0371	0.0371	10_13892298_G_A	0.0371	0.0362	0.0382	0.0371	0.0371	0.000003393	150000
10:22032942	10	22032942	G	A	-0.058	-0.058	10_22032942_A_G	-0.0580	-0.0719	0.0344	-0.0719	0.0344	1.749E-19	150000
10:22477776	10	22477776	A	ACC	0.1687	0.1687	10_22477776_ACC_A	0.1687	0.1668	0.1849	0.1687	0.1687	7.289E-18	150000
10:22861490	10	22861490	C	A	0.0875	0.0875	10_22861490_A_C	0.0875	0.096	0.0201	0.0960	0.0201	5.745E-08	150000
10:38523626	10	38523626	A	C	0.0404	0.0404	10_38523626_C_A	0.0404	0.0381	0.0418	0.0404	0.0404	0.000001221	150000
10:5794652	10	5794652	G	A	0.047	0.047	10_5794652_A_G	0.0470	0.0504	0.0385	0.0470	0.0470	4.398E-07	150000
10:64299890	10	64299890	G	A	-0.1345	-0.1345	10_64299890_A_G	-0.1345	-0.1428	-0.103	-0.1428	-0.1030	1.557E-51	150000
10:64819996	10	64819996	T	G	0.0472	0.0472	10_64819996_G_T	0.0472	0.0442	0.0403	0.0472	0.0472	1.00E-05	150000
10:71335574	10	71335574	T	C	-0.0404	-0.0404	10_71335574_C_T	-0.0404	-0.0411	-0.054	-0.0404	-0.0404	1.00E-05	150000
10:80851257	10	80851257	T	G	-0.0805	-0.0805	10_80851257_G_T	-0.0805	-0.0898	-0.0443	-0.0898	-0.0443	7.272E-36	150000
10:80886726	10	80886726	G	A	0.0762	0.0762	10_80886726_A_G	0.0762	0.078	0.0444	0.0762	0.0762	2.574E-20	150000
10:95292187	10	95292187	C	CAA	-0.0512	-0.0512	10_95292187_CAA_C	-0.0512	-0.049	-0.0419	-0.0512	-0.0512	4.22E-08	150000
11:103614438	11	103614438	G	T	0.0147	0.0147	11_103614438_T_G	0.0147	0.0029	0.0676	0.0029	0.0676	1.00E-05	150000
11:108267402	11	108267402	CA	C	-0.0022	-0.0022	11_108267402_C_CA	-0.0022	0.0141	-0.0629	0.0141	-0.0629	1.00E-05	150000
11:111696440	11	111696440	C	T	-0.0396	-0.0396	11_111696440_T_C	-0.0396	-0.0435	-0.0122	-0.0396	-0.0396	3.061E-07	150000
11:116727936	11	116727936	T	A	-0.0423	-0.0423	11_116727936_A_T	-0.0423	-0.0372	-0.062	-0.0423	-0.0423	1.00E-05	150000
11:122966626	11	122966626	G	A	-0.0383	-0.0383	11_122966626_A_G	-0.0383	-0.0372	-0.0484	-0.0383	-0.0383	0.000006883	150000
11:129243417	11	129243417	G	T	-0.0543	-0.0543	11_129243417_T_G	-0.0543	-0.0477	-0.0605	-0.0543	-0.0543	6.957E-07	150000
11:129461016	11	129461016	G	A	0.0453	0.0453	11_129461016_A_G	0.0453	0.0401	0.0594	0.0453	0.0453	1.983E-14	150000
11:18664241	11	18664241	G	T	0.0461	0.0461	11_18664241_T_G	0.0461	0.0455	0.0633	0.0461	0.0461	0.000008816	150000
11:1895708	11	1895708	A	C	-0.0762	-0.0762	11_1895708_C_A	-0.0762	-0.0788	-0.0538	-0.0762	-0.0762	1.446E-36	150000
11:42844441	11	42844441	T	C	-0.0336	-0.0336	11_42844441_C_T	-0.0336	-0.0334	-0.0669	-0.0336	-0.0336	1.00E-05	150000
11:433617	11	433617	C	T	-0.0437	-0.0437	11_433617_T_C	-0.0437	-0.0494	-0.0322	-0.0437	-0.0437	0.000007775	150000
11:44368892	11	44368892	A	G	0.0374	0.0374	11_44368892_G_A	0.0374	0.0357	0.021	0.0374	0.0374	3.216E-07	150000
11:46318032	11	46318032	G	C	-0.0748	-0.0748	11_46318032_C_G	-0.0748	-0.0693	-0.0688	-0.0748	-0.0748	1.00E-05	150000
11:65553492	11	65553492	A	C	0.0425	0.0425	11_65553492_C_A	0.0425	0.0444	0.0305	0.0425	0.0425	1.174E-11	150000
11:65572431	11	65572431	A	G	-0.0347	-0.0347	11_65572431_G_A	-0.0347	-0.0448	-0.0067	-0.0448	-0.0067	6.541E-12	150000
11:69328130	11	69328130	T	A	-0.0423	-0.0423	11_69328130_A_T	-0.0423	-0.0538	0.0143	-0.0538	0.0143	1.005E-17	150000
11:69330983	11	69330983	A	G	0.1022	0.1022	11_69330983_G_A	0.1022	0.124	0.0174	0.1240	0.0174	3.25E-122	150000
11:69331418	11	69331418	T	C	0.1782	0.1782	11_69331418_C_T	0.1782	0.2018	0.0066	0.2018	0.0066	1.81E-131	150000
11:803017	11	803017	G	A	0.0457	0.0457	11_803017_A_G	0.0457	0.04	0.0559	0.0457	0.0457	1.346E-12	150000
12:103097887	12	103097887	T	C	0.0546	0.0546	12_103097887_C_T	0.0546	0.0611	0.0149	0.0611	0.0149	1.00E-05	150000
12:111600134	12	111600134	T	G	-0.0442	-0.0442	12_111600134_G_T	-0.0442	-0.0441	-0.0537	-0.0442	-0.0442	9.18E-08	150000
12:115108136	12	115108136	C	T	0.0465	0.0465	12_115108136_T_C	0.0465	0.0533	0.0188	0.0465	0.0465	1.376E-09	150000
12:115796577	12	115796577	G	A	-0.0428	-0.0428	12_115796577_A_G	-0.0428	-0.0643	-0.0148	-0.0643	-0.0148	2.468E-08	150000
12:115835836	12	115835836	C	T	-0.0813	-0.0813	12_115835836_T_C	-0.0813	-0.0977	-0.0153	-0.0977	-0.0153	2.621E-39	150000
12:120832146	12	120832146	T	C	0.0516	0.0516	12_120832146_C_T	0.0516	0.0534	0.0529	0.0516	0.0516	3.785E-08	150000
12:14413931	12	14413931	C	G	0.0484	0.0484	12_14413931_G_C	0.0484	0.0411	0.054	0.0484	0.0484	3.617E-15	150000
12:28149568	12	28149568	T	C	-0.062	-0.062	12_28149568_C_T	-0.0620	-0.0501	-0.0683	-0.0620	-0.0620	1.171E-51	150000
12:28174817	12	28174817	T	C	-0.0856	-0.0856	12_28174817_C_T	-0.0856	-0.083	-0.101	-0.0856	-0.0856	2.951E-60	150000
12:28347382	12	28347382	T	C	-0.0521	-0.0521	12_28347382_C_T	-0.0521	-0.0454	-0.0469	-0.0521	-0.0521	2.972E-19	150000
12:29140260	12	29140260	A	G	0.0647	0.0647	12_29140260_G_A	0.0647	0.069	0.0753	0.0647	0.0647	2.99E-10	150000
12:293626	12	293626	G	A	0.0401	0.0401	12_293626_A_G	0.0401	0.0371	0.039	0.0401	0.0401	1.00E-05	150000
12:57146069	12	57146069	G	T	-0.0579	-0.0579	12_57146069_T_G	-0.0579	-0.0585	-0.0632	-0.0579	-0.0579	1.00E-05	150000
12:70798355	12	70798355	T	A	0.0469	0.0469	12_70798355_A_T	0.0469	0.0471	0.015	0.0469	0.0469	1.00E-05	150000
12:83064195	12	83064195	GA	G	0.0671	0.0671	12_83064195_G_GA	0.0671	0.0645	0.0717	0.0671	0.0671	0.000002275	150000
12:85004551	12	85004551	T	C	0.0348	0.0348	12_85004551_C_T	0.0348	0.0355	0.0358	0.0348	0.0348	4.729E-08	150000
12:96027759	12	96027759	G	A	-0.0867	-0.0867	12_96027759_A_G	-0.0867	-0.0842	-0.063	-0.0867	-0.0867	1.017E-39	150000
13:32839990	13	32839990	A	G	0.0424	0.0424	13_32839990_G_A	0.0424	0.0386	0.0759	0.0424	0.0424	7.901E-11	150000
13:32972626	13	32972626	T	A	0.2687	0.2687	13_32972626_A_T	0.2687	0.2308	0.4284	0.2308	0.4284	3.1E-15	150000
13:43501356	13	43501356	G	A	0.0517	0.0517	13_43501356_A_G	0.0517	0.0458	0.0975	0.0458	0.0975	1.00E-05	150000
13:73806982	13	73806982	C	T	0.0345	0.0345	13_73806982_T_C	0.0345	0.0251	0.0653	0.0251	0.0653	3.722E-09	150000
13:73960952	13	73960952	G	A	0.0399	0.0399	13_73960952_A_G	0.0399	0.0368	0.073	0.0368	0.0730	1.697E-09	150000
14:105213978	14	105213978	G	T	0.0399	0.0399	14_105213978_T_G	0.0399	0.035	0.0403	0.0399	0.0399	2.499E-08	150000
14:37128564	14	37128564	A	C	-0.0733	-0.0733	14_37128564_C_A	-0.0733	-0.085	-0.0339	-0.0850	-0.0339	4.068E-21	150000
14:37228504	14	37228504	T	C	0.039	0.039	14_37228504_C_T	0.0390	0.0408	0.0256	0.0390	0.0390	3.127E-11	150000
14:68660428	14	68660428	C	T	-0.0474	-0.0474	14_68660428_T_C	-0.0474	-0.0612	0.0245	-0.0612	0.0245	6.338E-14	150000
14:68979835	14	68979835	C	T	-0.0911	-0.0911	14_68979835_T_C	-0.0911	-0.0972	-0.0762	-0.0911	-0.0911	6.501E-42	150000
14:91751788	14	91751788	T	TC	0.038	0.038	14_91751788_TC_T	0.0380	0.0447	0.0091	0.0447	0.0091	1.512E-12	150000
14:91841069	14	91841069	G	A	0.0513	0.0513	14_91841069_A_G	0.0513	0.0553	0.0312	0.0513	0.0513	8.207E-13	150000
14:93070286	14	93070286	T	C	-0.0577	-0.0577	14_93070286_C_T	-0.0577	-0.0519	-0.0592	-0.0577	-0.0577	1.618E-12	150000
15:100905819	15	100905819	C	A	-0.0608	-0.0608	15_100905819_A_C	-0.0608	-0.0599	-0.0746	-0.0608	-0.0608	0.000001889	150000
15:46680811	15	46680811	A	C	-0.1973	-0.1973	15_46680811_C_A	-0.1973	-0.1823	-0.2337	-0.1973	-0.1973	1.00E-05	150000
15:50694306	15	50694306	G	A	-0.0417	-0.0417	15_50694306_A_G	-0.0417	-0.0403	-0.0392	-0.0417	-0.0417	0.000002194	150000
15:66630569	15	66630569	A	G	-0.0369	-0.0369	15_66630569_G_A	-0.0369	-0.0377	-0.0343	-0.0369	-0.0369	1.00E-05	150000
15:67457698	15	67457698	G	A	0.0782	0.0782	15_67457698_A_G	0.0782	0.099	0.0141	0.0990	0.0141	0.000002274	150000
15:75750383	15	75750383	C	T	-0.0413	-0.0413	15_75750383_T_C	-0.0413	-0.0419	-0.0419	-0.0413	-0.0413	4.263E-07	150000
15:91512267	15	91512267	T	G	-0.0589	-0.0589	15_91512267_G_T	-0.0589	-0.0557	-0.0487	-0.0589	-0.0589	1.869E-15	150000
16:10706580	16	10706580	A	G	-0.074	-0.074	16_10706580_G_A	-0.0740	-0.0763	-0.0491	-0.0740	-0.0740	0.000000161	150000
16:23007047	16	23007047	T	G	0.1218	0.1218	16_23007047_G_T	0.1218	0.1363	0.0927	0.1218	0.1218	1.00E-05	150000
16:4008542	16	4008542	C	CAAAAA	-0.0329	-0.0329	16_4008542_CAAAAA_C	-0.0329	-0.0184	-0.0892	-0.0184	-0.0892	1.00E-05	150000
16:4106788	16	4106788	A	C	-0.03	-0.03	16_4106788_C_A	-0.0300	-0.0182	-0.0782	-0.0182	-0.0782	1.00E-05	150000
16:52538825	16	52538825	A	C	0.1147	0.1147	16_52538825_C_A	0.1147	0.1153	0.0917	0.1147	0.1147	5.66E-200	150000
16:52599188	16	52599188	T	C	0.107	0.107	16_52599188_C_T	0.1070	0.1202	0.0431	0.1070	0.1070	6.78E-201	150000
16:53809123	16	53809123	T	C	-0.0704	-0.0704	16_53809123_C_T	-0.0704	-0.0651	-0.0957	-0.0651	-0.0957	4.059E-23	150000
16:53861139	16	53861139	T	C	-0.0338	-0.0338	16_53861139_C_T	-0.0338	-0.0167	-0.0782	-0.0167	-0.0782	3.376E-09	150000
16:53861592	16	53861592	A	G	-0.0337	-0.0337	16_53861592_G_A	-0.0337	-0.0342	-0.0303	-0.0337	-0.0337	5.269E-13	150000
16:54682064	16	54682064	A	G	0.0477	0.0477	16_54682064_G_A	0.0477	0.0554	0.0304	0.0477	0.0477	9.069E-15	150000
16:6963972	16	6963972	G	C	0.0354	0.0354	16_6963972_C_G	0.0354	0.0303	0.0811	0.0303	0.0811	1.00E-05	150000
16:80648296	16	80648296	G	A	0.0839	0.0839	16_80648296_A_G	0.0839	0.089	0.0467	0.0890	0.0467	4.064E-27	150000
16:85145977	16	85145977	C	T	-0.0211	-0.0211	16_85145977_T_C	-0.0211	-0.0044	-0.0714	-0.0044	-0.0714	1.00E-05	150000
16:87086492	16	87086492	C	T	-0.0469	-0.0469	16_87086492_T_C	-0.0469	-0.0454	-0.0374	-0.0469	-0.0469	9.085E-09	150000
17:29168077	17	29168077	T	G	-0.0568	-0.0568	17_29168077_G_T	-0.0568	-0.0637	-0.0604	-0.0568	-0.0568	4.122E-10	150000
17:39251123	17	39251123	C	T	0.0799	0.0799	17_39251123_T_C	0.0799	0.0631	0.1431	0.0631	0.1431	0.000002185	150000
17:40127060	17	40127060	C	T	0.0174	0.0174	17_40127060_T_C	0.0174	-0.0161	0.1511	-0.0161	0.1511	1.00E-05	150000
17:40485239	17	40485239	T	G	-0.0571	-0.0571	17_40485239_G_T	-0.0571	-0.0416	-0.1142	-0.0416	-0.1142	1.473E-07	150000
17:40744470	17	40744470	A	G	0.2017	0.2017	17_40744470_G_A	0.2017	0.1917	0.1108	0.2017	0.2017	6.333E-09	150000
17:43212339	17	43212339	CT	C	0.0438	0.0438	17_43212339_C_CT	0.0438	0.0352	0.0478	0.0438	0.0438	1.00E-05	150000
17:44283858	17	44283858	A	G	-0.054	-0.054	17_44283858_G_A	-0.0540	-0.0532	-0.0384	-0.0540	-0.0540	1.224E-12	150000
17:53209774	17	53209774	C	A	-0.0793	-0.0793	17_53209774_A_C	-0.0793	-0.0933	-0.0365	-0.0933	-0.0365	5.564E-29	150000
17:77781725	17	77781725	G	A	-0.0401	-0.0401	17_77781725_A_G	-0.0401	-0.0378	-0.0501	-0.0401	-0.0401	3.871E-10	150000
18:11696613	18	11696613	T	C	-0.0381	-0.0381	18_11696613_C_T	-0.0381	-0.0281	-0.094	-0.0281	-0.0940	1.00E-05	150000
18:20634253	18	20634253	T	C	-0.0415	-0.0415	18_20634253_C_T	-0.0415	-0.0486	-0.0284	-0.0415	-0.0415	0.000001552	150000
18:24125857	18	24125857	C	T	0.0346	0.0346	18_24125857_T_C	0.0346	0.035	0.0231	0.0346	0.0346	2.452E-07	150000
18:24337424	18	24337424	G	C	0.0455	0.0455	18_24337424_C_G	0.0455	0.0483	0.0282	0.0455	0.0455	6.7E-15	150000
18:24518050	18	24518050	A	AT	-0.0599	-0.0599	18_24518050_AT_A	-0.0599	-0.083	0.006	-0.0830	0.0060	2.065E-17	150000
18:25407513	18	25407513	G	C	0.0399	0.0399	18_25407513_C_G	0.0399	0.0307	0.0648	0.0307	0.0648	5.208E-07	150000
18:29981526	18	29981526	A	G	-0.1058	-0.1058	18_29981526_G_A	-0.1058	-0.0962	-0.152	-0.1058	-0.1058	6.218E-12	150000
18:42411803	18	42411803	C	G	-0.0877	-0.0877	18_42411803_G_C	-0.0877	-0.1037	-0.0189	-0.1037	-0.0189	2.793E-13	150000
18:42888797	18	42888797	C	T	-0.0542	-0.0542	18_42888797_T_C	-0.0542	-0.0589	-0.0372	-0.0542	-0.0542	1.653E-13	150000
19:13249921	19	13249921	T	G	0.0956	0.0956	19_13249921_G_T	0.0956	0.0924	0.069	0.0956	0.0956	2.207E-08	150000
19:17393925	19	17393925	A	C	0.0378	0.0378	19_17393925_C_A	0.0378	0.0036	0.1692	0.0036	0.1692	9.461E-09	150000
19:18569492	19	18569492	T	C	-0.0719	-0.0719	19_18569492_C_T	-0.0719	-0.0778	-0.0629	-0.0719	-0.0719	6.136E-27	150000
19:19517054	19	19517054	CGGGCG	C	0.0437	0.0437	19_19517054_C_CGGGCG	0.0437	0.0442	0.0577	0.0437	0.0437	8.069E-12	150000
19:44283031	19	44283031	C	T	0.0619	0.0619	19_44283031_T_C	0.0619	0.0605	0.067	0.0619	0.0619	6.99E-20	150000
19:46166073	19	46166073	C	T	-0.036	-0.036	19_46166073_T_C	-0.0360	-0.0447	-0.0117	-0.0447	-0.0117	0.000000374	150000
19:55816678	19	55816678	T	C	-0.0359	-0.0359	19_55816678_C_T	-0.0359	-0.0381	-0.0346	-0.0359	-0.0359	0.000004295	150000
2:10138983	2	10138983	C	T	0.0603	0.0603	2_10138983_T_C	0.0603	0.0596	0.0458	0.0603	0.0603	1.034E-09	150000
2:121058254	2	121058254	G	A	-0.0334	-0.0334	2_121058254_A_G	-0.0334	-0.0232	-0.0682	-0.0232	-0.0682	0.000001354	150000
2:121089731	2	121089731	C	T	-0.0427	-0.0427	2_121089731_T_C	-0.0427	-0.029	-0.1027	-0.0290	-0.1027	1.861E-08	150000
2:121159205	2	121159205	A	G	-0.044	-0.044	2_121159205_G_A	-0.0440	-0.0507	-0.0162	-0.0440	-0.0440	3.66E-12	150000
2:121246568	2	121246568	C	T	0.0992	0.0992	2_121246568_T_C	0.0992	0.092	0.1112	0.0992	0.0992	2.821E-20	150000
2:172974566	2	172974566	G	C	-0.0473	-0.0473	2_172974566_C_G	-0.0473	-0.0611	-0.0061	-0.0611	-0.0061	7.61E-12	150000
2:174212910	2	174212910	G	A	0.0593	0.0593	2_174212910_A_G	0.0593	0.0621	0.0175	0.0621	0.0175	5.373E-10	150000
2:192381934	2	192381934	T	C	0.0316	0.0316	2_192381934_C_T	0.0316	0.018	0.1012	0.0180	0.1012	1.00E-05	150000
2:19315675	2	19315675	A	T	-0.0331	-0.0331	2_19315675_T_A	-0.0331	-0.0229	-0.057	-0.0229	-0.0570	1.369E-12	150000
2:202204741	2	202204741	C	T	-0.0492	-0.0492	2_202204741_T_C	-0.0492	-0.0505	-0.0526	-0.0492	-0.0492	1.995E-16	150000
2:217920769	2	217920769	T	G	-0.1318	-0.1318	2_217920769_G_T	-0.1318	-0.1532	-0.0589	-0.1532	-0.0589	1.14E-95	150000
2:217955896	2	217955896	G	GA	-0.2016	-0.2016	2_217955896_GA_G	-0.2016	-0.2362	-0.0558	-0.2362	-0.0558	3.841E-41	150000
2:218292158	2	218292158	G	C	-0.0757	-0.0757	2_218292158_C_G	-0.0757	-0.0813	-0.0599	-0.0757	-0.0757	3.398E-26	150000
2:218714845	2	218714845	A	G	-0.0431	-0.0431	2_218714845_G_A	-0.0431	-0.0463	-0.0184	-0.0463	-0.0184	0.000001247	150000
2:241388857	2	241388857	A	C	-0.1232	-0.1232	2_241388857_C_A	-0.1232	-0.1335	-0.1727	-0.1232	-0.1232	1.00E-05	150000
2:25129473	2	25129473	G	A	-0.0427	-0.0427	2_25129473_A_G	-0.0427	-0.0365	-0.067	-0.0427	-0.0427	2.93E-12	150000
2:29179452	2	29179452	C	G	-0.0066	-0.0066	2_29179452_G_C	-0.0066	0.0207	-0.1006	0.0207	-0.1006	1.00E-05	150000
2:29615233	2	29615233	C	T	-0.0427	-0.0427	2_29615233_T_C	-0.0427	-0.0489	-0.0371	-0.0427	-0.0427	1.00E-05	150000
2:39699510	2	39699510	CT	C	-0.0402	-0.0402	2_39699510_C_CT	-0.0402	-0.0336	-0.0538	-0.0402	-0.0402	1.00E-05	150000
2:70172587	2	70172587	A	G	-0.0412	-0.0412	2_70172587_G_A	-0.0412	-0.0334	-0.0361	-0.0412	-0.0412	4.188E-07	150000
2:88358825	2	88358825	C	G	0.0473	0.0473	2_88358825_G_C	0.0473	0.0443	0.0505	0.0473	0.0473	1.00E-05	150000
20:11379842	20	11379842	C	T	0.0844	0.0844	20_11379842_T_C	0.0844	0.0998	0.0752	0.0844	0.0844	0.000009032	150000
20:41613706	20	41613706	G	C	0.0315	0.0315	20_41613706_C_G	0.0315	0.0266	0.0784	0.0266	0.0784	1.00E-05	150000
20:52296849	20	52296849	A	G	0.044	0.044	20_52296849_G_A	0.0440	0.0539	0.0144	0.0539	0.0144	2.128E-07	150000
20:5948227	20	5948227	A	G	0.076	0.076	20_5948227_G_A	0.0760	0.0762	0.0694	0.0760	0.0760	1.917E-09	150000
21:16364756	21	16364756	G	T	0.0646	0.0646	21_16364756_T_G	0.0646	0.0742	0.0322	0.0646	0.0646	2.244E-11	150000
21:16566350	21	16566350	G	A	0.0595	0.0595	21_16566350_A_G	0.0595	0.0678	0.0172	0.0678	0.0172	1.734E-09	150000
21:16574455	21	16574455	A	C	-0.0707	-0.0707	21_16574455_C_A	-0.0707	-0.0808	-0.0329	-0.0808	-0.0329	1.868E-32	150000
21:47762932	21	47762932	A	G	0.0946	0.0946	21_47762932_G_A	0.0946	0.0852	0.089	0.0946	0.0946	1.00E-05	150000
22:19766137	22	19766137	T	C	-0.0367	-0.0367	22_19766137_C_T	-0.0367	-0.0426	-0.022	-0.0367	-0.0367	1.00E-05	150000
22:29121087	22	29121087	G	A	0.1839	0.1839	22_29121087_A_G	0.1839	0.2812	-0.1566	0.2812	-0.1566	9.662E-09	150000
22:29135543	22	29135543	A	G	0.0654	0.0654	22_29135543_G_A	0.0654	0.0659	0.0536	0.0654	0.0654	2.219E-13	150000
22:29203724	22	29203724	T	C	0.1405	0.1405	22_29203724_C_T	0.1405	0.1793	0.0191	0.1793	0.0191	1.566E-19	150000
22:29551872	22	29551872	G	A	-0.1716	-0.1716	22_29551872_A_G	-0.1716	-0.1671	-0.1318	-0.1716	-0.1716	1.034E-24	150000
22:38583315	22	38583315	AAAAGAAAG	AAAAG	-0.0471	-0.0471	22_38583315_AAAAG_AAAAGAAAG	-0.0471	-0.0608	0.0079	-0.0608	0.0079	5.446E-12	150000
22:39343916	22	39343916	A	T	0.0407	0.0407	22_39343916_T_A	0.0407	0.0326	0.033	0.0407	0.0407	5.093E-10	150000
22:40904707	22	40904707	C	CT	0.1148	0.1148	22_40904707_CT_C	0.1148	0.116	0.1203	0.1148	0.1148	2.555E-35	150000
22:43433100	22	43433100	T	C	-0.06	-0.06	22_43433100_C_T	-0.0600	-0.0585	-0.0515	-0.0600	-0.0600	0.000003845	150000
22:45319953	22	45319953	A	G	-0.0134	-0.0134	22_45319953_G_A	-0.0134	-0.006	-0.0611	-0.0060	-0.0611	1.00E-05	150000
22:46283297	22	46283297	A	G	0.0736	0.0736	22_46283297_G_A	0.0736	0.0719	0.0993	0.0736	0.0736	2.249E-08	150000
3:141112859	3	141112859	C	CTT	0.0551	0.0551	3_141112859_CTT_C	0.0551	0.0607	0.0282	0.0551	0.0551	3.198E-15	150000
3:172285237	3	172285237	A	G	0.0422	0.0422	3_172285237_G_A	0.0422	0.0501	-0.0133	0.0501	-0.0133	1.907E-10	150000
3:189774456	3	189774456	T	C	-0.0478	-0.0478	3_189774456_C_T	-0.0478	-0.0469	-0.0449	-0.0478	-0.0478	0.000002232	150000
3:27353716	3	27353716	A	C	0.0748	0.0748	3_27353716_C_A	0.0748	0.0822	0.031	0.0822	0.0310	5.225E-63	150000
3:27388664	3	27388664	G	C	0.0502	0.0502	3_27388664_C_G	0.0502	0.0539	0.0297	0.0502	0.0502	8.415E-49	150000
3:29294845	3	29294845	T	C	-0.1281	-0.1281	3_29294845_C_T	-0.1281	-0.1221	-0.2988	-0.1221	-0.2988	1.00E-05	150000
3:30684907	3	30684907	T	C	0.0592	0.0592	3_30684907_C_T	0.0592	0.0657	0.017	0.0657	0.0170	1.58E-14	150000
3:46888198	3	46888198	C	T	-0.0806	-0.0806	3_46888198_T_C	-0.0806	-0.0842	-0.0716	-0.0806	-0.0806	5.465E-19	150000
3:4742251	3	4742251	G	A	0.0616	0.0616	3_4742251_A_G	0.0616	0.0609	0.0422	0.0616	0.0616	1.09E-18	150000
3:49709912	3	49709912	CT	C	-0.0367	-0.0367	3_49709912_C_CT	-0.0367	-0.0355	-0.0721	-0.0355	-0.0721	1.00E-05	150000
3:55970777	3	55970777	AT	A	-0.1195	-0.1195	3_55970777_A_AT	-0.1195	-0.124	-0.0586	-0.1195	-0.1195	1.00E-05	150000
3:59373745	3	59373745	T	C	-0.0394	-0.0394	3_59373745_C_T	-0.0394	-0.0439	-0.0398	-0.0394	-0.0394	6.943E-07	150000
3:63887449	3	63887449	TTG	T	0.0648	0.0648	3_63887449_T_TTG	0.0648	0.0627	0.043	0.0648	0.0648	7.774E-12	150000
3:71620370	3	71620370	G	T	-0.0374	-0.0374	3_71620370_T_G	-0.0374	-0.0345	-0.0379	-0.0374	-0.0374	0.00000101	150000
3:87037543	3	87037543	G	A	-0.0723	-0.0723	3_87037543_A_G	-0.0723	-0.0726	-0.0531	-0.0723	-0.0723	1.037E-09	150000
3:99403877	3	99403877	A	G	-0.0376	-0.0376	3_99403877_G_A	-0.0376	-0.0378	-0.0279	-0.0376	-0.0376	2.154E-08	150000
4:106069013	4	106069013	T	G	0.0471	0.0471	4_106069013_G_T	0.0471	0.0594	0.0097	0.0594	0.0097	1.847E-11	150000
4:126752992	4	126752992	AAT	A	-0.0377	-0.0377	4_126752992_A_AAT	-0.0377	-0.0361	-0.0638	-0.0377	-0.0377	0.000001046	150000
4:143467195	4	143467195	T	C	-0.0569	-0.0569	4_143467195_C_T	-0.0569	-0.0613	-0.0594	-0.0569	-0.0569	1.00E-05	150000
4:151218296	4	151218296	C	CATATTT	0.0388	0.0388	4_151218296_CATATTT_C	0.0388	0.0307	0.0557	0.0388	0.0388	3.727E-07	150000
4:175842495	4	175842495	A	G	-0.0898	-0.0898	4_175842495_G_A	-0.0898	-0.1162	0.0199	-0.1162	0.0199	4.625E-26	150000
4:175847436	4	175847436	A	C	0.0348	0.0348	4_175847436_C_A	0.0348	0.0537	-0.0099	0.0537	-0.0099	2.762E-14	150000
4:187503758	4	187503758	T	A	0.0357	0.0357	4_187503758_A_T	0.0357	0.0352	0.0194	0.0357	0.0357	0.000006705	150000
4:38784633	4	38784633	T	G	0.0489	0.0489	4_38784633_G_T	0.0489	0.0495	0.0497	0.0489	0.0489	1.87E-12	150000
4:84370124	4	84370124	TA	TAA	-0.0464	-0.0464	4_84370124_TAA_TA	-0.0464	-0.0438	-0.0489	-0.0464	-0.0464	2.181E-09	150000
4:89240476	4	89240476	A	G	0.0352	0.0352	4_89240476_G_A	0.0352	0.0392	0.0261	0.0352	0.0352	1.711E-09	150000
4:92594859	4	92594859	T	TTCTTTC	-0.0407	-0.0407	4_92594859_TTCTTTC_T	-0.0407	-0.0377	-0.0359	-0.0407	-0.0407	0.000006729	150000
5:104300273	5	104300273	T	G	-0.0487	-0.0487	5_104300273_G_T	-0.0487	-0.0524	-0.0271	-0.0487	-0.0487	1.00E-05	150000
5:122478676	5	122478676	A	C	-0.0386	-0.0386	5_122478676_C_A	-0.0386	-0.0376	-0.04	-0.0386	-0.0386	0.000002448	150000
5:122705244	5	122705244	T	C	0.0944	0.0944	5_122705244_C_T	0.0944	0.0963	0.0607	0.0944	0.0944	8.545E-07	150000
5:1279790	5	1279790	T	C	0.0617	0.0617	5_1279790_C_T	0.0617	0.0325	0.1502	0.0325	0.1502	7.785E-17	150000
5:1296255	5	1296255	AG	A	-0.0549	-0.0549	5_1296255_A_AG	-0.0549	-0.0417	-0.1056	-0.0417	-0.1056	1.069E-20	150000
5:131640536	5	131640536	G	A	0.0392	0.0392	5_131640536_A_G	0.0392	0.0467	0.0099	0.0467	0.0099	8.323E-08	150000
5:132407058	5	132407058	T	C	-0.0388	-0.0388	5_132407058_C_T	-0.0388	-0.0561	-0.0214	-0.0561	-0.0214	7.742E-09	150000
5:1353077	5	1353077	C	T	0.1552	0.1552	5_1353077_T_C	0.1552	0.1572	0.1214	0.1552	0.1552	7.641E-07	150000
5:158244083	5	158244083	T	C	-0.0677	-0.0677	5_158244083_C_T	-0.0677	-0.0635	-0.0646	-0.0677	-0.0677	6.633E-31	150000
5:16231194	5	16231194	C	G	-0.0426	-0.0426	5_16231194_G_C	-0.0426	-0.0458	-0.0404	-0.0426	-0.0426	1.025E-11	150000
5:169591460	5	169591460	C	T	0.0412	0.0412	5_169591460_T_C	0.0412	0.0501	0.0182	0.0501	0.0182	5.04E-10	150000
5:173358154	5	173358154	A	G	0.0365	0.0365	5_173358154_G_A	0.0365	0.0395	0.0346	0.0365	0.0365	0.000002552	150000
5:176134882	5	176134882	C	T	0.0363	0.0363	5_176134882_T_C	0.0363	0.0368	0.0262	0.0363	0.0363	1.00E-05	150000
5:2777029	5	2777029	A	G	0.0391	0.0391	5_2777029_G_A	0.0391	0.041	0.0231	0.0391	0.0391	0.000000287	150000
5:32579616	5	32579616	T	TCA	0.0363	0.0363	5_32579616_TCA_T	0.0363	0.0394	0.0072	0.0363	0.0363	1.252E-08	150000
5:345109	5	345109	C	T	0.084	0.084	5_345109_T_C	0.0840	0.0856	0.0681	0.0840	0.0840	3.797E-09	150000
5:44508264	5	44508264	GT	G	-0.1177	-0.1177	5_44508264_G_GT	-0.1177	-0.126	-0.1053	-0.1177	-0.1177	1.116E-16	150000
5:44619502	5	44619502	G	A	-0.1101	-0.1101	5_44619502_A_G	-0.1101	-0.1186	-0.0959	-0.1101	-0.1101	5.197E-20	150000
5:44649944	5	44649944	T	C	0.0492	0.0492	5_44649944_C_T	0.0492	0.0713	-0.0261	0.0713	-0.0261	9.561E-14	150000
5:44706498	5	44706498	G	A	0.0497	0.0497	5_44706498_A_G	0.0497	0.0648	-0.0256	0.0648	-0.0256	5.608E-73	150000
5:44853593	5	44853593	C	G	-0.0336	-0.0336	5_44853593_G_C	-0.0336	-0.0222	-0.0778	-0.0222	-0.0778	3.668E-13	150000
5:52679539	5	52679539	CA	C	0.0571	0.0571	5_52679539_C_CA	0.0571	0.0663	0.042	0.0571	0.0571	0.000001737	150000
5:55662540	5	55662540	CT	C	-0.0458	-0.0458	5_55662540_C_CT	-0.0458	-0.045	-0.0299	-0.0458	-0.0458	0.000005797	150000
5:55965167	5	55965167	T	C	0.0394	0.0394	5_55965167_C_T	0.0394	0.0379	0.0405	0.0394	0.0394	4.888E-08	150000
5:56023083	5	56023083	G	T	0.1366	0.1366	5_56023083_T_G	0.1366	0.1612	0.0686	0.1612	0.0686	4.39E-97	150000
5:56042972	5	56042972	T	C	0.0865	0.0865	5_56042972_C_T	0.0865	0.1082	0.0058	0.1082	0.0058	3.054E-54	150000
5:56045081	5	56045081	C	T	-0.0564	-0.0564	5_56045081_T_C	-0.0564	-0.0643	-0.0168	-0.0643	-0.0168	1.439E-27	150000
5:58241712	5	58241712	T	C	-0.0434	-0.0434	5_58241712_C_T	-0.0434	-0.0369	-0.0408	-0.0434	-0.0434	9.68E-09	150000
5:71965007	5	71965007	A	G	-0.041	-0.041	5_71965007_G_A	-0.0410	-0.0445	-0.0238	-0.0410	-0.0410	1.00E-05	150000
5:73234583	5	73234583	C	T	-0.0363	-0.0363	5_73234583_T_C	-0.0363	-0.0494	-0.0101	-0.0494	-0.0101	1.00E-05	150000
5:77155397	5	77155397	G	GT	-0.0408	-0.0408	5_77155397_GT_G	-0.0408	-0.0418	-0.0489	-0.0408	-0.0408	1.00E-05	150000
5:79180995	5	79180995	GA	G	0.0328	0.0328	5_79180995_G_GA	0.0328	0.0248	0.0804	0.0248	0.0804	1.00E-05	150000
5:81512947	5	81512947	T	TA	-0.0598	-0.0598	5_81512947_TA_T	-0.0598	-0.0731	-0.0342	-0.0731	-0.0342	4.191E-13	150000
5:90789470	5	90789470	A	G	-0.0564	-0.0564	5_90789470_G_A	-0.0564	-0.0714	-0.0031	-0.0714	-0.0031	9.016E-12	150000
6:130341728	6	130341728	CT	C	0.0472	0.0472	6_130341728_C_CT	0.0472	0.0433	0.0804	0.0472	0.0472	7.607E-11	150000
6:13713366	6	13713366	C	G	-0.0553	-0.0553	6_13713366_G_C	-0.0553	-0.0623	-0.0152	-0.0623	-0.0152	1.195E-13	150000
6:149595505	6	149595505	C	T	-0.0476	-0.0476	6_149595505_T_C	-0.0476	-0.0601	-0.0235	-0.0476	-0.0476	8.27E-08	150000
6:151949806	6	151949806	C	A	0.0703	0.0703	6_151949806_A_C	0.0703	0.0541	0.1103	0.0541	0.1103	6.356E-45	150000
6:151955914	6	151955914	G	A	0.1449	0.1449	6_151955914_A_G	0.1449	0.115	0.224	0.1150	0.2240	2.84E-54	150000
6:152022664	6	152022664	C	CAAAAAAA	0.0137	0.0137	6_152022664_CAAAAAAA_C	0.0137	0.0185	-0.017	0.0137	0.0137	2.886E-19	150000
6:152023191	6	152023191	A	G	0.0626	0.0626	6_152023191_G_A	0.0626	0.0509	0.1008	0.0509	0.1008	8.833E-19	150000
6:152055978	6	152055978	T	A	0.074	0.074	6_152055978_A_T	0.0740	0.0634	0.108	0.0740	0.0740	7.028E-26	150000
6:152432902	6	152432902	T	C	0.0649	0.0649	6_152432902_C_T	0.0649	0.0527	0.0965	0.0527	0.0965	1.416E-26	150000
6:16399557	6	16399557	T	C	-0.0373	-0.0373	6_16399557_C_T	-0.0373	-0.0435	-0.0324	-0.0373	-0.0373	1.646E-08	150000
6:169006947	6	169006947	G	C	-0.0308	-0.0308	6_169006947_C_G	-0.0308	-0.0252	-0.0628	-0.0252	-0.0628	1.00E-05	150000
6:170332621	6	170332621	C	T	0.0373	0.0373	6_170332621_T_C	0.0373	0.0403	0.0334	0.0373	0.0373	2.719E-07	150000
6:18783140	6	18783140	A	G	0.0326	0.0326	6_18783140_G_A	0.0326	0.0478	0.0033	0.0478	0.0033	1.00E-05	150000
6:20537845	6	20537845	C	CA	-0.0391	-0.0391	6_20537845_CA_C	-0.0391	-0.0416	-0.0315	-0.0391	-0.0391	2.173E-09	150000
6:21923810	6	21923810	C	T	-0.0321	-0.0321	6_21923810_T_C	-0.0321	-0.0438	-0.0032	-0.0438	-0.0032	0.000001108	150000
6:27425644	6	27425644	C	G	-0.0737	-0.0737	6_27425644_G_C	-0.0737	-0.0838	-0.0506	-0.0737	-0.0737	1.263E-09	150000
6:43227141	6	43227141	A	G	-0.064	-0.064	6_43227141_G_A	-0.0640	-0.0614	-0.0673	-0.0640	-0.0640	8.962E-08	150000
6:82263549	6	82263549	A	AAT	0.0477	0.0477	6_82263549_AAT_A	0.0477	0.0406	0.0686	0.0477	0.0477	3.612E-12	150000
6:85912194	6	85912194	C	CAA	0.0762	0.0762	6_85912194_CAA_C	0.0762	0.0569	0.0682	0.0762	0.0762	1.00E-05	150000
6:87803819	6	87803819	C	T	0.0383	0.0383	6_87803819_T_C	0.0383	0.0318	0.0678	0.0318	0.0678	1.00E-05	150000
7:101552440	7	101552440	A	G	-0.0568	-0.0568	7_101552440_G_A	-0.0568	-0.0742	-0.0241	-0.0568	-0.0568	5.05E-12	150000
7:102481842	7	102481842	C	T	0.0418	0.0418	7_102481842_T_C	0.0418	0.0406	0.0411	0.0418	0.0418	7.884E-07	150000
7:130656911	7	130656911	T	C	-0.0476	-0.0476	7_130656911_C_T	-0.0476	-0.0522	-0.025	-0.0476	-0.0476	2.43E-12	150000
7:130674481	7	130674481	A	G	0.0416	0.0416	7_130674481_G_A	0.0416	0.0407	0.028	0.0416	0.0416	5.361E-13	150000
7:139943702	7	139943702	C	CT	0.0582	0.0582	7_139943702_CT_C	0.0582	0.0666	0.0057	0.0666	0.0057	1.387E-15	150000
7:144048902	7	144048902	T	G	-0.0563	-0.0563	7_144048902_G_T	-0.0563	-0.0592	-0.0148	-0.0592	-0.0148	4.451E-12	150000
7:21940960	7	21940960	G	A	-0.0467	-0.0467	7_21940960_A_G	-0.0467	-0.0413	-0.0574	-0.0467	-0.0467	1.931E-08	150000
7:25569548	7	25569548	T	C	-0.0486	-0.0486	7_25569548_C_T	-0.0486	-0.0485	-0.0682	-0.0486	-0.0486	2.647E-07	150000
7:28869017	7	28869017	A	G	-0.0572	-0.0572	7_28869017_G_A	-0.0572	-0.0504	-0.0487	-0.0572	-0.0572	0.000002105	150000
7:55192256	7	55192256	C	A	-0.0349	-0.0349	7_55192256_A_C	-0.0349	-0.0269	-0.0536	-0.0349	-0.0349	0.000003953	150000
7:91459189	7	91459189	ATT	A	0.0452	0.0452	7_91459189_A_ATT	0.0452	0.0439	0.0486	0.0452	0.0452	1.413E-10	150000
7:94113799	7	94113799	C	T	0.0449	0.0449	7_94113799_T_C	0.0449	0.0489	0.0116	0.0449	0.0449	4.49E-13	150000
7:98005235	7	98005235	A	G	-0.0467	-0.0467	7_98005235_G_A	-0.0467	-0.0466	-0.0267	-0.0467	-0.0467	0.00000068	150000
7:99948655	7	99948655	G	T	0.042	0.042	7_99948655_T_G	0.0420	0.0385	0.0497	0.0420	0.0420	1.00E-05	150000
8:102483100	8	102483100	C	T	0.0593	0.0593	8_102483100_T_C	0.0593	0.0736	0.0137	0.0736	0.0137	7.393E-09	150000
8:106358620	8	106358620	T	A	-0.0745	-0.0745	8_106358620_A_T	-0.0745	-0.0895	-0.01	-0.0895	-0.0100	7.454E-11	150000
8:117209548	8	117209548	G	A	-0.0417	-0.0417	8_117209548_A_G	-0.0417	-0.0456	-0.0409	-0.0417	-0.0417	1.595E-11	150000
8:120862186	8	120862186	G	A	0.0527	0.0527	8_120862186_A_G	0.0527	0.0598	0.0472	0.0527	0.0527	1.00E-05	150000
8:124563705	8	124563705	C	T	0.0477	0.0477	8_124563705_T_C	0.0477	0.0465	0.0503	0.0477	0.0477	7.574E-11	150000
8:124571581	8	124571581	A	G	0.034	0.034	8_124571581_G_A	0.0340	0.0355	0.0388	0.0340	0.0340	3.306E-08	150000
8:124739913	8	124739913	G	T	0.0466	0.0466	8_124739913_T_G	0.0466	0.0395	0.0706	0.0466	0.0466	2.448E-12	150000
8:128213561	8	128213561	CA	C	-0.043	-0.043	8_128213561_C_CA	-0.0430	-0.0468	-0.04	-0.0430	-0.0430	2.712E-10	150000
8:128370949	8	128370949	G	C	0.0642	0.0642	8_128370949_C_G	0.0642	0.082	0.0076	0.0820	0.0076	1.939E-60	150000
8:128372172	8	128372172	G	A	0.0597	0.0597	8_128372172_A_G	0.0597	0.0508	0.057	0.0597	0.0597	1.966E-64	150000
8:129199566	8	129199566	A	G	0.0615	0.0615	8_129199566_G_A	0.0615	0.0643	0.0505	0.0615	0.0615	7.022E-14	150000
8:143669254	8	143669254	G	A	-0.0346	-0.0346	8_143669254_A_G	-0.0346	-0.0518	-0.022	-0.0346	-0.0346	1.00E-05	150000
8:170692	8	170692	C	T	0.0477	0.0477	8_170692_T_C	0.0477	0.0348	0.104	0.0348	0.1040	2.863E-07	150000
8:17787610	8	17787610	C	CT	-0.0377	-0.0377	8_17787610_CT_C	-0.0377	-0.0367	-0.0295	-0.0377	-0.0377	0.000004495	150000
8:23447496	8	23447496	G	A	-0.0389	-0.0389	8_23447496_A_G	-0.0389	-0.0361	-0.0426	-0.0389	-0.0389	0.000008788	150000
8:23663653	8	23663653	A	C	0.0335	0.0335	8_23663653_C_A	0.0335	0.0451	0.0059	0.0451	0.0059	1.021E-07	150000
8:29509616	8	29509616	C	A	-0.0601	-0.0601	8_29509616_A_C	-0.0601	-0.0655	-0.0512	-0.0601	-0.0601	1.6E-21	150000
8:36858483	8	36858483	G	A	-0.076	-0.076	8_36858483_A_G	-0.0760	-0.0713	-0.1013	-0.0760	-0.0760	1.388E-20	150000
8:76230943	8	76230943	G	A	0.0755	0.0755	8_76230943_A_G	0.0755	0.0817	0.0617	0.0755	0.0755	4.343E-21	150000
8:76333056	8	76333056	T	C	0.1129	0.1129	8_76333056_C_T	0.1129	0.1216	0.0879	0.1129	0.1129	3.471E-28	150000
8:76378165	8	76378165	T	G	-0.0391	-0.0391	8_76378165_G_T	-0.0391	-0.0418	-0.026	-0.0391	-0.0391	2.612E-11	150000
9:110303808	9	110303808	T	TAA	0.0797	0.0797	9_110303808_TAA_T	0.0797	0.1007	0.013	0.1007	0.0130	9.582E-27	150000
9:110837073	9	110837073	G	A	0.1158	0.1158	9_110837073_A_G	0.1158	0.1315	0.0289	0.1315	0.0289	5.039E-18	150000
9:110837176	9	110837176	T	C	0.0653	0.0653	9_110837176_C_T	0.0653	0.0809	-0.0037	0.0809	-0.0037	6.458E-17	150000
9:110849525	9	110849525	T	G	0.0153	0.0153	9_110849525_G_T	0.0153	0.0111	0.0336	0.0153	0.0153	9.226E-39	150000
9:110885479	9	110885479	T	C	0.0877	0.0877	9_110885479_C_T	0.0877	0.111	0.0019	0.1110	0.0019	3.207E-54	150000
9:119313486	9	119313486	G	A	-0.0462	-0.0462	9_119313486_A_G	-0.0462	-0.0477	-0.0403	-0.0462	-0.0462	1.098E-14	150000
9:129424719	9	129424719	G	A	-0.0382	-0.0382	9_129424719_A_G	-0.0382	-0.0437	-0.0287	-0.0382	-0.0382	1.519E-07	150000
9:136146597	9	136146597	T	C	0.04	0.04	9_136146597_C_T	0.0400	0.04	0.0253	0.0400	0.0400	0.000001617	150000
9:21964882	9	21964882	C	CAAAA	0.055	0.055	9_21964882_CAAAA_C	0.0550	0.0467	0.0576	0.0550	0.0550	7.163E-25	150000
9:22041998	9	22041998	G	C	0.0289	0.0289	9_22041998_C_G	0.0289	0.0168	0.0906	0.0168	0.0906	4.949E-10	150000
9:36928288	9	36928288	C	T	0.0249	0.0249	9_36928288_T_C	0.0249	0.0259	0.0631	0.0249	0.0249	1.00E-05	150000
9:6880263	9	6880263	G	A	0.0348	0.0348	9_6880263_A_G	0.0348	0.0499	-0.0078	0.0499	-0.0078	1.00E-05	150000
9:87782211	9	87782211	C	T	0.0361	0.0361	9_87782211_T_C	0.0361	0.0432	0.0218	0.0361	0.0361	1.00E-05	150000
9:98362587	9	98362587	C	T	0.0576	0.0576	9_98362587_T_C	0.0576	0.0625	0.0828	0.0576	0.0576	0.000005081	150000